1.000000000 -0.000000000 0.000000000 -0.000000000 -0.000000000 1.000000000 -0.000000000 0.000000119 0.000000000 -0.000000000 0.999999940 -0.000000000
0.999991596 -0.002377366 -0.003342412 -0.003474534 0.002370021 0.999994755 -0.002199726 -0.005339665 0.003347624 0.002191786 0.999991953 0.664463580
0.999971330 -0.001054662 -0.007500172 -0.012760591 0.001027687 0.999992967 -0.003599481 -0.010474597 0.007503915 0.003591670 0.999965310 1.358503342
0.999934614 -0.001796568 -0.011288862 -0.020016367 0.001740444 0.999985993 -0.004979488 -0.013250474 0.011297650 0.004959515 0.999923885 2.062049389
0.999869645 -0.000091934 -0.016145658 -0.038114596 -0.000000604 0.999983549 -0.005731305 -0.017097287 0.016145920 0.005730567 0.999853194 2.778709173
0.999787569 -0.000652542 -0.020597627 -0.054501478 0.000527965 0.999981463 -0.006052992 -0.024745727 0.020601196 0.006040831 0.999769568 3.521075249
0.999700665 0.000646155 -0.024458226 -0.089468941 -0.000817347 0.999975264 -0.006989991 -0.037033785 0.024453100 0.007007889 0.999676347 4.264718533
0.999572515 0.003132325 -0.029070370 -0.124807402 -0.003361523 0.999963701 -0.007838719 -0.039945476 0.029044757 0.007933089 0.999546587 5.028926849
0.999415696 0.003728748 -0.033976380 -0.149027094 -0.003936577 0.999973953 -0.006052025 -0.053037811 0.033952933 0.006182239 0.999404252 5.825288296
0.999255776 0.003011791 -0.038453925 -0.184263840 -0.003143015 0.999989450 -0.003352514 -0.060306899 0.038443416 0.003470881 0.999254704 6.620928288
0.999127030 0.002877565 -0.041675337 -0.226091564 -0.002903805 0.999995649 -0.000569113 -0.069531828 0.041673511 0.000689634 0.999131024 7.433022022
0.999011099 0.004403591 -0.044243947 -0.269455016 -0.004484692 0.999988437 -0.001733943 -0.075638518 0.044235799 0.001930648 0.999019146 8.242884636
0.998926461 0.003847833 -0.046166208 -0.317951053 -0.003936046 0.999990582 -0.001820000 -0.083481334 0.046158772 0.001999758 0.998932064 9.060242653
0.998860061 0.001496476 -0.047712676 -0.362326831 -0.001626235 0.999995053 -0.002680891 -0.087483339 0.047708433 0.002755427 0.998857439 9.888356209
0.998740137 0.000654563 -0.050176132 -0.397569299 -0.000728716 0.999998748 -0.001459579 -0.099893823 0.050175104 0.001494305 0.998739302 10.736576080
0.998661637 -0.000803052 -0.051712725 -0.443715215 0.000705515 0.999998033 -0.001904362 -0.106006660 0.051714145 0.001865328 0.998660207 11.587462425
0.998566568 0.001515966 -0.053501256 -0.494759828 -0.001734119 0.999990463 -0.004031355 -0.118540324 0.053494629 0.004118354 0.998559654 12.439927101
0.998505533 0.002305752 -0.054602109 -0.549978316 -0.002672084 0.999974370 -0.006637073 -0.130630299 0.054585401 0.006773056 0.998486102 13.296912193
0.998399854 0.005984060 -0.056231983 -0.609144270 -0.006448560 0.999946594 -0.008082625 -0.144960865 0.056180608 0.008432307 0.998384953 14.173739433
0.998325646 0.007458212 -0.057362024 -0.663535535 -0.007925112 0.999937236 -0.007916346 -0.155243158 0.057299383 0.008357691 0.998322070 15.064796448
0.998248935 0.005979160 -0.058848869 -0.716469705 -0.006349954 0.999961138 -0.006115813 -0.171270087 0.058810022 0.006478793 0.998248100 15.948921204
0.998181939 0.006773684 -0.059890974 -0.779801369 -0.007079254 0.999963105 -0.004891421 -0.180712879 0.059855618 0.005306512 0.998192906 16.846441269
0.998125196 0.006307523 -0.060878698 -0.839629829 -0.006600443 0.999967694 -0.004611643 -0.197773710 0.060847633 0.005004825 0.998134494 17.750020981
0.998013616 0.006280125 -0.062684357 -0.897907674 -0.006632159 0.999963343 -0.005409472 -0.211574838 0.062648095 0.005814459 0.998018682 18.655275345
0.997958839 0.004843344 -0.063675351 -0.962057829 -0.005240499 0.999967873 -0.006071653 -0.223933637 0.063643895 0.006392950 0.997952223 19.568605423
0.997911751 0.004338786 -0.064446732 -1.016787291 -0.004624261 0.999980152 -0.004281113 -0.235688657 0.064426869 0.004570191 0.997911990 20.487543106
0.997918010 0.006054455 -0.064210489 -1.083181620 -0.006136607 0.999980569 -0.001082250 -0.246197596 0.064202689 0.001474031 0.997935772 21.411811829
0.997974813 0.006944389 -0.063229598 -1.147258878 -0.006793235 0.999973476 0.002605239 -0.253997535 0.063246019 -0.002170429 0.997995615 22.345121384
0.998082638 0.006310894 -0.061573021 -1.209608197 -0.005971231 0.999965906 0.005698884 -0.263814449 0.061606888 -0.005320290 0.998086333 23.275156021
0.998176873 0.005810752 -0.060076945 -1.267992735 -0.005427423 0.999963820 0.006541842 -0.270655721 0.060112782 -0.006203850 0.998172224 24.222284317
0.998256207 0.006250157 -0.058700226 -1.323531747 -0.006041275 0.999974787 0.003735247 -0.276935548 0.058722090 -0.003374109 0.998268604 25.164873123
0.998322487 0.006689554 -0.057511058 -1.387840152 -0.006749890 0.999976814 -0.000854932 -0.285214007 0.057504006 0.001241693 0.998344481 26.104097366
0.998371124 0.006566068 -0.056674939 -1.434631705 -0.006798115 0.999969184 -0.003902523 -0.294857532 0.056647576 0.004281448 0.998385072 27.051242828
0.998414576 0.003972855 -0.056147687 -1.484659672 -0.004157377 0.999986291 -0.003169935 -0.301801801 0.056134317 0.003398336 0.998417437 28.008800507
0.998433828 0.002098210 -0.055906031 -1.548729658 -0.001987379 0.999995828 0.002038010 -0.313801557 0.055910073 -0.001923713 0.998433948 28.980834961
0.998395324 -0.001202429 -0.056618419 -1.604558229 0.001520312 0.999983251 0.005571750 -0.326704532 0.056610778 -0.005648886 0.998380303 29.939569473
0.998287082 -0.008347305 -0.057909381 -1.649816990 0.008639549 0.999951124 0.004798038 -0.332722247 0.057866503 -0.005290129 0.998310328 30.914659500
0.998186469 -0.010955308 -0.059191808 -1.706560373 0.011027077 0.999938846 0.000885969 -0.335703105 0.059178479 -0.001537075 0.998246253 31.882045746
0.998104274 -0.010817488 -0.060587063 -1.768462658 0.010659982 0.999938905 -0.002922307 -0.343700558 0.060614977 0.002270909 0.998158634 32.864200592
0.997983158 -0.009226309 -0.062804721 -1.836674213 0.008983360 0.999951005 -0.004149653 -0.346087843 0.062839940 0.003577087 0.998017251 33.851840973
0.997949600 -0.009546977 -0.063289069 -1.899429440 0.009423453 0.999953032 -0.002249968 -0.368857920 0.063307576 0.001648953 0.997992635 34.823261261
0.997874856 -0.006583167 -0.064826690 -1.965977192 0.006634342 0.999977827 0.000574199 -0.381808221 0.064821474 -0.001003061 0.997896314 35.822925568
0.997816265 -0.006360757 -0.065745912 -2.038423300 0.006505194 0.999976933 0.001983030 -0.394171923 0.065731771 -0.002406389 0.997834444 36.807281494
0.997770309 -0.005120574 -0.066545852 -2.111382961 0.005417188 0.999976337 0.004277614 -0.398064107 0.066522367 -0.004628567 0.997774243 37.786811829
0.997768462 -0.004907261 -0.066588245 -2.173956394 0.005425471 0.999956369 0.007603715 -0.410892814 0.066548012 -0.007948020 0.997751534 38.783439636
0.997748852 0.000436629 -0.067059532 -2.251852274 0.000231458 0.999950349 0.009954508 -0.413223237 0.067060538 -0.009947622 0.997699320 39.766605377
0.997748733 0.001163209 -0.067052513 -2.333960056 -0.000552448 0.999958217 0.009126531 -0.417356849 0.067060314 -0.009068942 0.997707605 40.767719269
0.997729659 0.000877749 -0.067339599 -2.387377501 -0.000374254 0.999971926 0.007489204 -0.420455337 0.067344271 -0.007446999 0.997702003 41.759204865
0.997737706 0.003308163 -0.067145213 -2.469189882 -0.002962039 0.999981880 0.005253764 -0.425602317 0.067161359 -0.005042991 0.997729421 42.756145477
0.997692227 0.002759402 -0.067842871 -2.545054197 -0.002397629 0.999982476 0.005413359 -0.431247562 0.067856617 -0.005238203 0.997681260 43.739379883
0.997599959 0.000625730 -0.069238119 -2.607920408 -0.000167345 0.999978065 0.006626021 -0.440762818 0.069240749 -0.006598532 0.997578144 44.725418091
0.997556806 0.000982956 -0.069853060 -2.680848122 -0.000434434 0.999968946 0.007867266 -0.449171841 0.069858626 -0.007817698 0.997526288 45.707668304
0.997546494 0.003739327 -0.069907226 -2.755503893 -0.003430801 0.999983847 0.004532910 -0.465918452 0.069923043 -0.004281951 0.997543156 46.667179108
0.997468948 0.004124115 -0.070984215 -2.834914207 -0.004126098 0.999991477 0.000118704 -0.468304306 0.070984103 0.000174485 0.997477412 47.637851715
0.997395754 0.004315088 -0.071992822 -2.894895315 -0.004409215 0.999989688 -0.001148591 -0.471115857 0.071987122 0.001463032 0.997404516 48.607074738
0.997384250 0.003268455 -0.072207361 -2.964783669 -0.003085744 0.999991834 0.002641766 -0.485812604 0.072215393 -0.002412042 0.997386158 49.588706970
0.997380853 0.001059158 -0.072320238 -3.038224697 -0.000681325 0.999986053 0.005248909 -0.490581036 0.072324768 -0.005185888 0.997367620 50.553684235
0.997359693 -0.001178209 -0.072609708 -3.103566885 0.001636095 0.999979079 0.006246975 -0.499593735 0.072600834 -0.006349278 0.997340858 51.506195068
0.997333825 -0.004387785 -0.072841354 -3.173358679 0.004764061 0.999976158 0.004992748 -0.508042514 0.072817706 -0.005326457 0.997331083 52.463500977
0.997288644 -0.007467397 -0.073209122 -3.241895676 0.007774820 0.999962151 0.003915160 -0.517948925 0.073177114 -0.004473732 0.997308850 53.410678864
0.997209668 -0.008709371 -0.074141756 -3.314890862 0.009095772 0.999946773 0.004875578 -0.526373267 0.074095339 -0.005536349 0.997235775 54.365444183
0.997069776 -0.012124916 -0.075530931 -3.380412340 0.012856011 0.999875128 0.009200714 -0.532684386 0.075409926 -0.010144779 0.997101068 55.308376312
0.997018993 -0.012706609 -0.076104604 -3.450724363 0.013824472 0.999803841 0.014179710 -0.536190927 0.075909518 -0.015189543 0.996998966 56.256278992
0.997020900 -0.010949264 -0.076350957 -3.534110308 0.012216090 0.999795020 0.016144879 -0.533677697 0.076158546 -0.017029492 0.996950209 57.201622009
0.996907651 -0.009962379 -0.077948444 -3.608726025 0.010942599 0.999866188 0.012158225 -0.535363495 0.077816896 -0.012973586 0.996883214 58.133121490
0.996812761 -0.008061822 -0.079367511 -3.682356596 0.008439241 0.999954581 0.004421054 -0.540034235 0.079328284 -0.005076764 0.996835589 59.050769806
0.996773124 -0.005813777 -0.080058649 -3.765600920 0.005779593 0.999983013 -0.000658712 -0.544750392 0.080061138 0.000193881 0.996789932 59.963733673
0.996723354 -0.000918433 -0.080879636 -3.851732254 0.000943828 0.999999404 0.000275764 -0.556893706 0.080879360 -0.000351197 0.996723831 60.864780426
0.996624649 0.001442007 -0.082081228 -3.930528641 -0.001202904 0.999994934 0.002962386 -0.574774146 0.082085080 -0.002853651 0.996621132 61.754531860
0.996511400 0.003994999 -0.083361730 -4.005688190 -0.003638854 0.999983609 0.004423793 -0.586022556 0.083378024 -0.004105019 0.996509492 62.643352509
0.996401012 0.004457552 -0.084647462 -4.080965996 -0.004087765 0.999981403 0.004541371 -0.600934029 0.084666111 -0.004179008 0.996400595 63.518745422
0.996292651 0.006137254 -0.085809484 -4.167197704 -0.005720275 0.999970675 0.005104402 -0.604696393 0.085838288 -0.004594625 0.996298492 64.364837646
0.996154308 0.007197813 -0.087320209 -4.245352268 -0.006724200 0.999961078 0.005716815 -0.615424037 0.087357961 -0.005107671 0.996163905 65.209579468
0.996043026 0.006870554 -0.088606007 -4.319602013 -0.006347909 0.999960721 0.006178952 -0.626012921 0.088644966 -0.005592040 0.996047556 66.024864197
0.995944619 0.006334636 -0.089745358 -4.392456532 -0.005710993 0.999957681 0.007204107 -0.631050885 0.089787200 -0.006662358 0.995938659 66.830764771
0.995790660 0.009439906 -0.091169223 -4.472381592 -0.008569354 0.999913931 0.009935473 -0.639303327 0.091255166 -0.009112391 0.995785773 67.629386902
0.995670378 0.011155995 -0.092282578 -4.551998138 -0.009911408 0.999853849 0.013934038 -0.643820763 0.092424542 -0.012959057 0.995635331 68.411666870
0.995460927 0.013789662 -0.094167076 -4.632732391 -0.012371433 0.999801278 0.015628038 -0.645784378 0.094363883 -0.014392119 0.995433688 69.192756653
0.995313704 0.016904080 -0.095209733 -4.714476585 -0.015862081 0.999805868 0.011690510 -0.655613422 0.095388874 -0.010125498 0.995388567 69.933715820
0.995194137 0.016624482 -0.096500270 -4.787090778 -0.016244987 0.999856949 0.004717009 -0.664739192 0.096564874 -0.003126694 0.995321751 70.654457092
0.995028377 0.015880618 -0.098317422 -4.856864452 -0.016072536 0.999870181 -0.001160254 -0.674147248 0.098286249 0.002734696 0.995154381 71.367210388
0.995014012 0.016269777 -0.098398849 -4.933939457 -0.016589403 0.999859452 -0.002430923 -0.677414834 0.098345473 0.004051181 0.995144069 72.056541443
0.994868457 0.019164277 -0.099345215 -5.010910034 -0.019144285 0.999816060 0.001154585 -0.688047647 0.099349074 0.000753234 0.995052278 72.738914490
0.994720936 0.019405050 -0.100765042 -5.080882072 -0.019138316 0.999810398 0.003613139 -0.706503570 0.100816026 -0.001665592 0.994903684 73.390808105
0.994699359 0.016347714 -0.101518534 -5.151365757 -0.016415304 0.999865294 0.000169581 -0.714517474 0.101507626 0.001497776 0.994833589 74.028984070
0.994763017 0.008040371 -0.101891227 -5.195860386 -0.008569421 0.999952018 -0.004755681 -0.732397199 0.101848088 0.005603925 0.994784176 74.627563477
0.994925797 0.004340735 -0.100517832 -5.253796101 -0.005350454 0.999937952 -0.009777751 -0.739497185 0.100469157 0.010265953 0.994887173 75.229461670
0.995203137 0.006838964 -0.097590864 -5.311165810 -0.007862805 0.999918103 -0.010110432 -0.749018908 0.097513713 0.010829274 0.995175242 75.812492371
0.995589554 0.011827800 -0.093068399 -5.380901337 -0.012540830 0.999896348 -0.007080194 -0.762081921 0.092975006 0.008216121 0.995634556 76.378807068
0.996032298 0.010211851 -0.088404402 -5.427661419 -0.010569189 0.999937892 -0.003574901 -0.779404700 0.088362381 0.004495081 0.996078253 76.930503845
0.996518910 0.006483397 -0.083114922 -5.455156326 -0.006487378 0.999978900 0.000222161 -0.783164442 0.083114609 0.000317810 0.996539891 77.483619690
0.997200727 0.002040116 -0.074744046 -5.488497257 -0.001764343 0.999991417 0.003755402 -0.797267020 0.074751057 -0.003613014 0.997195661 78.010505676
0.997911990 0.005621897 -0.064343862 -5.518023014 -0.005412334 0.999979496 0.003430770 -0.803541243 0.064361833 -0.003075355 0.997921824 78.527290344
0.998732209 0.011014041 -0.049119111 -5.542825699 -0.010868311 0.999935687 0.003232970 -0.814611375 0.049151562 -0.002695029 0.998787642 79.029861450
0.999401271 0.015872873 -0.030743808 -5.561627388 -0.015769169 0.999869108 0.003612698 -0.816950083 0.030797126 -0.003125730 0.999520779 79.520423889
0.999855220 0.014454501 -0.008994557 -5.546002865 -0.014417696 0.999887466 0.004143602 -0.821895003 0.009053442 -0.004013320 0.999951005 79.997512817
0.999783635 0.011049935 0.017628167 -5.520759583 -0.011138886 0.999925673 0.004955837 -0.826728284 -0.017572097 -0.005151122 0.999832392 80.464401245
0.998857796 0.009823562 0.046762090 -5.472453117 -0.010145629 0.999926448 0.006654956 -0.836025417 -0.046693273 -0.007121785 0.998883903 80.925720215
0.996766329 0.009347647 0.079809956 -5.416386604 -0.010022319 0.999917269 0.008057076 -0.843332946 -0.079728045 -0.008830901 0.996777534 81.371871948
0.993071496 0.009023441 0.117165171 -5.338823795 -0.010097330 0.999912202 0.008575257 -0.849243820 -0.117077492 -0.009698898 0.993075430 81.808952332
0.987280965 0.009124936 0.158723474 -5.252624035 -0.010611508 0.999907434 0.008520766 -0.852742195 -0.158631027 -0.010096686 0.987286270 82.208091736
0.978929996 0.008699512 0.204011172 -5.138765812 -0.010636016 0.999908149 0.008397565 -0.857610464 -0.203919381 -0.010390493 0.978932500 82.625228882
0.967401087 0.010918899 0.253013909 -5.004675865 -0.012993687 0.999894321 0.006530709 -0.867656112 -0.252915829 -0.009605395 0.967440546 83.029129028
0.951930761 0.011773689 0.306087106 -4.851735115 -0.013478099 0.999903202 0.003455442 -0.874429703 -0.306016803 -0.007414812 0.951997221 83.407859802
0.932154536 0.012885200 0.361831486 -4.670661926 -0.014249110 0.999897957 0.001101303 -0.874833822 -0.361780316 -0.006182359 0.932242811 83.780143738
0.907950580 0.012256010 0.418898135 -4.476271152 -0.013512749 0.999908745 0.000033459 -0.890791655 -0.418859482 -0.005690844 0.908033192 84.118537903
0.879451692 0.012483908 0.475824505 -4.247222424 -0.012730194 0.999915361 -0.002705329 -0.886619508 -0.475817978 -0.003678133 0.879535973 84.435066223
0.845852792 0.010988842 0.533303320 -4.018054485 -0.010000537 0.999938726 -0.004742496 -0.894313574 -0.533322811 -0.001321867 0.845910788 84.719902039
0.808696330 0.010609715 0.588130653 -3.762461185 -0.008604604 0.999943733 -0.006207134 -0.900688529 -0.588163376 -0.000040945 0.808742166 85.009300232
0.768637598 0.009370301 0.639615774 -3.485380411 -0.008107268 0.999955118 -0.004906583 -0.913261175 -0.639633119 -0.001414154 0.768679023 85.280303955
0.726356685 0.008949874 0.687259614 -3.188652277 -0.009842344 0.999948204 -0.002619616 -0.921452761 -0.687247455 -0.004861470 0.726407170 85.524971008
0.681394339 0.008071722 0.731871903 -2.886270523 -0.008535705 0.999958873 -0.003081426 -0.921072900 -0.731866658 -0.004147376 0.681435287 85.742416382
0.635670543 0.005820290 0.771938562 -2.560152531 -0.004380596 0.999982715 -0.003932402 -0.931864202 -0.771947980 -0.000881838 0.635685027 85.938583374
0.589137912 0.003583588 0.808024526 -2.219156981 0.001897125 0.999981284 -0.005818125 -0.928347290 -0.808030248 0.004960599 0.589120090 86.125755310
0.542629659 0.005424888 0.839954436 -1.889769197 -0.000384739 0.999980748 -0.006209874 -0.941724002 -0.839971960 0.003046497 0.542621315 86.289253235
0.495920837 0.008313679 0.868327975 -1.571144819 -0.003598232 0.999965310 -0.007518993 -0.951051891 -0.868360221 0.000604381 0.495933563 86.424148560
0.450743407 0.010584249 0.892590880 -1.225645661 -0.004454428 0.999943972 -0.009607819 -0.958494067 -0.892642438 0.000354681 0.450765282 86.556892395
0.408159465 0.007851586 0.912876904 -0.868783951 0.002927811 0.999946654 -0.009909530 -0.964349985 -0.912905931 0.006717401 0.408114672 86.672210693
0.368943214 -0.000221278 0.929451942 -0.503127456 0.018042374 0.999813318 -0.006923839 -0.972044826 -0.929276764 0.019324025 0.368878275 86.756240845
0.333274871 -0.003552638 0.942823112 -0.135757640 0.022329038 0.999742210 -0.004125892 -0.972381651 -0.942565143 0.022427384 0.333268285 86.855056763
0.300135553 0.000535908 0.953896463 0.236738667 0.019057760 0.999796867 -0.006558061 -0.982329249 -0.953706145 0.020147434 0.300064385 86.954391479
0.268703401 0.009068176 0.963180244 0.591133893 0.008130803 0.999898732 -0.011682166 -0.986367404 -0.963188589 0.010970467 0.268602401 87.056007385
0.240489960 0.013514788 0.970557511 0.971485019 0.003200388 0.999886632 -0.014716198 -1.002279997 -0.970646262 0.006645260 0.240419462 87.137306213
0.214715645 0.015168561 0.976558805 1.360136986 0.004478687 0.999853611 -0.016515117 -1.017122507 -0.976666272 0.007919756 0.214616299 87.201660156
0.190887675 0.016572541 0.981472015 1.770324230 0.011513937 0.999750853 -0.019120546 -1.027884483 -0.981544316 0.014950484 0.190649301 87.262351990
0.171164677 0.022774959 0.984979153 2.184417486 0.018985184 0.999470949 -0.026409190 -1.026242137 -0.985059381 0.023220330 0.170641750 87.302169800
0.151356414 0.029552149 0.988037407 2.609397173 0.021272650 0.999224126 -0.033145480 -1.023921132 -0.988250196 0.026034951 0.150610328 87.353515625
0.134059578 0.030463781 0.990504920 3.049129248 0.019023087 0.999264061 -0.033307847 -1.032630444 -0.990790665 0.023307696 0.133381411 87.411277771
0.118542187 0.026123501 0.992605329 3.506614447 0.016833674 0.999457359 -0.028314201 -1.056187034 -0.992806315 0.020065624 0.118038081 87.460685730
0.104055673 0.022757765 0.994311094 3.973468065 0.017012691 0.999551237 -0.024658097 -1.076987267 -0.994426012 0.019481722 0.103621781 87.503280640
0.090944223 0.020532779 0.995644271 4.457442284 0.019654036 0.999555647 -0.022408687 -1.089066744 -0.995662034 0.021606363 0.090500258 87.533218384
0.079245046 0.019671271 0.996661007 4.951692581 0.023282096 0.999496043 -0.021578398 -1.104065776 -0.996583283 0.024914337 0.078747116 87.560279846
0.069148235 0.020385861 0.997398078 5.466945171 0.026705779 0.999395013 -0.022278154 -1.116666198 -0.997248948 0.028176788 0.068561979 87.588935852
0.061268054 0.021167481 0.997896850 6.001708508 0.028519874 0.999329805 -0.022948917 -1.128698468 -0.997713864 0.029865930 0.060623284 87.615264893
0.055684768 0.021426152 0.998218536 6.547460556 0.030435193 0.999268711 -0.023146503 -1.143303514 -0.997984409 0.031669881 0.054991934 87.639686584
0.050279733 0.022429816 0.998483300 7.107509613 0.031744771 0.999206722 -0.024044614 -1.158393979 -0.998230517 0.032905579 0.049527813 87.660446167
0.044291828 0.023051979 0.998752713 7.691704273 0.031966440 0.999189138 -0.024479672 -1.177180171 -0.998507082 0.033010818 0.043519016 87.685096741
0.039668035 0.023068842 0.998946607 8.293868065 0.034592237 0.999102533 -0.024446093 -1.191565514 -0.998613954 0.035525523 0.038834419 87.705757141
0.036971424 0.023195313 0.999047160 8.918098450 0.035895742 0.999054670 -0.024523867 -1.206843972 -0.998671412 0.036768220 0.036103856 87.722084045
0.033985272 0.022617308 0.999166548 9.556931496 0.036944069 0.999032259 -0.023870874 -1.226426721 -0.998739243 0.037724521 0.033116806 87.737739563
0.031538337 0.021998880 0.999260426 10.212553978 0.038976148 0.998970270 -0.023222642 -1.245947480 -0.998742282 0.039679721 0.030648427 87.756805420
0.030948918 0.021649288 0.999286413 10.888230324 0.043422654 0.998792529 -0.022983430 -1.263832688 -0.998577237 0.044102985 0.029971475 87.769340515
0.032046922 0.021283910 0.999259651 11.578696251 0.046991020 0.998635590 -0.022777652 -1.280555725 -0.998381138 0.047686182 0.031003041 87.785690308
0.034455009 0.020881651 0.999188066 12.285223007 0.048861124 0.998550892 -0.022553213 -1.304719925 -0.998211086 0.049598519 0.033384781 87.811538696
0.038216360 0.021086512 0.999046922 13.011862755 0.051062107 0.998430014 -0.023026761 -1.322434187 -0.997963965 0.051893450 0.037079640 87.836372375
0.042643517 0.020541908 0.998879135 13.755680084 0.051612958 0.998408437 -0.022735655 -1.342039585 -0.997756302 0.052524637 0.041515417 87.868751526
0.046722375 0.018883005 0.998729408 14.508575439 0.053196684 0.998355567 -0.021364573 -1.362879515 -0.997490346 0.054127295 0.045641024 87.903923035
0.050313715 0.017498007 0.998580098 15.273471832 0.052268159 0.998430252 -0.020128921 -1.382722378 -0.997364819 0.053206708 0.049320143 87.953826904
0.054688625 0.015081150 0.998389542 16.069770813 0.049865812 0.998597085 -0.017815776 -1.405625105 -0.997257471 0.050759833 0.053859863 87.997383118
0.058320247 0.014285830 0.998195708 16.862655640 0.048885625 0.998657286 -0.017148612 -1.422940731 -0.997100174 0.049797531 0.057543557 88.059219360
0.062504448 0.014843498 0.997934282 17.668922424 0.046496194 0.998760462 -0.017768024 -1.446931958 -0.996960938 0.047510725 0.061736800 88.115165710
0.065847099 0.019022938 0.997648358 18.466661453 0.043825090 0.998798370 -0.021937426 -1.472275257 -0.996866822 0.045166552 0.064934276 88.161605835
0.067036361 0.024669260 0.997445464 19.267326355 0.038007934 0.998905659 -0.027259808 -1.492201567 -0.997026324 0.039738242 0.066025354 88.228630066
0.066682272 0.027560545 0.997393548 20.074804306 0.035156656 0.998932898 -0.029953530 -1.521619320 -0.997154653 0.037062384 0.065642178 88.293151855
0.067087159 0.027030526 0.997380912 20.896793365 0.032904346 0.999029279 -0.029288454 -1.558283448 -0.997204304 0.034783043 0.066132627 88.350639343
0.066980146 0.025516717 0.997428000 21.709648132 0.029904639 0.999172449 -0.027569529 -1.587221742 -0.997305989 0.031674340 0.066161647 88.415794373
0.066932753 0.024160892 0.997465014 22.524297714 0.031171905 0.999168098 -0.026293872 -1.620891452 -0.997270346 0.032852802 0.066123940 88.470397949
0.067225210 0.023137385 0.997469485 23.357017517 0.028563233 0.999276698 -0.025104348 -1.660249591 -0.997328877 0.030178601 0.066515706 88.537528992
0.067554340 0.023444800 0.997440100 24.171062469 0.026845664 0.999319255 -0.025307165 -1.691651702 -0.997354329 0.028486552 0.066878967 88.595588684
0.067260131 0.024348952 0.997438312 24.976589203 0.023715336 0.999380708 -0.025995566 -1.720214128 -0.997453570 0.025403047 0.066641048 88.660362244
0.066124320 0.025294870 0.997490764 25.789648056 0.021272695 0.999415696 -0.026753861 -1.756731987 -0.997584581 0.022988398 0.065547585 88.719909668
0.063073613 0.025136106 0.997692347 26.603368759 0.017920770 0.999493062 -0.026314415 -1.785576582 -0.997848034 0.019539161 0.062591173 88.782142639
0.059116513 0.023986230 0.997962952 27.410356522 0.015541187 0.999567986 -0.024945427 -1.815292358 -0.998130083 0.016984217 0.058718197 88.837287903
0.054304112 0.021457879 0.998293817 28.227943420 0.013711067 0.999658763 -0.022233060 -1.846449852 -0.998430252 0.014895022 0.053991377 88.884017944
0.048530720 0.019252693 0.998636127 29.041740417 0.011668978 0.999735057 -0.019840958 -1.876275301 -0.998753488 0.012615961 0.048293199 88.923767090
0.040865593 0.019584477 0.998972654 29.843744278 0.011406211 0.999733567 -0.020065997 -1.903973460 -0.999099553 0.012214502 0.040631313 88.955307007
0.032472059 0.020429375 0.999263883 30.640497208 0.010600613 0.999727726 -0.020783342 -1.934100628 -0.999416351 0.011267685 0.032246657 88.977226257
0.022386091 0.020880001 0.999531388 31.442783356 0.011085315 0.999715209 -0.021132115 -1.957528234 -0.999687910 0.011553185 0.022148252 88.995605469
0.012093602 0.020041054 0.999726057 32.246543884 0.012657093 0.999715865 -0.020193962 -1.985187292 -0.999846697 0.012897843 0.011836504 89.005676270
0.001478252 0.019179234 0.999814987 33.039539337 0.011857617 0.999745429 -0.019195430 -2.011462212 -0.999928594 0.011883799 0.001250454 89.004470825
-0.009911708 0.018276436 0.999783874 33.813884735 0.012919663 0.999751866 -0.018147767 -2.032584906 -0.999867380 0.012736996 -0.010145373 88.999229431
-0.020924075 0.018514529 0.999609709 34.594284058 0.013018264 0.999748766 -0.018244606 -2.058385134 -0.999696255 0.012631431 -0.021159844 88.979583740
-0.032328643 0.019594204 0.999285340 35.367374420 0.013110391 0.999730110 -0.019178780 -2.082394123 -0.999391258 0.012480997 -0.032576803 88.956291199
-0.042370472 0.020265808 0.998896420 36.140678406 0.012764592 0.999723673 -0.019741150 -2.112567186 -0.999020338 0.011914063 -0.042617451 88.915390015
-0.052904952 0.021341767 0.998371482 36.905048370 0.013340862 0.999697506 -0.020663159 -2.135798931 -0.998510361 0.012225953 -0.053173665 88.876296997
-0.062670901 0.021847127 0.997795165 37.661762238 0.014429049 0.999675810 -0.020982021 -2.167623043 -0.997929811 0.013082271 -0.062965810 88.826171875
-0.072063886 0.022738781 0.997140706 38.438098907 0.014750863 0.999655128 -0.021730062 -2.188486576 -0.997290850 0.013142735 -0.072374441 88.768676758
-0.081217751 0.022989653 0.996431172 39.177837372 0.015332917 0.999644399 -0.021814026 -2.218184948 -0.996578395 0.013506509 -0.081541359 88.705902100
-0.090027027 0.022468520 0.995685816 39.915618896 0.016733725 0.999638498 -0.021044701 -2.240832806 -0.995798647 0.014766938 -0.090370454 88.639266968
-0.097691044 0.020892099 0.994997501 40.640735626 0.017731003 0.999657452 -0.019249080 -2.273424387 -0.995058775 0.015761837 -0.098028012 88.569435120
-0.102296256 0.019712985 0.994558632 41.362350464 0.021684751 0.999610245 -0.017582705 -2.292949438 -0.994517565 0.019768111 -0.102683835 88.476737976
-0.105575867 0.018306224 0.994242728 42.068149567 0.025105774 0.999560893 -0.015738234 -2.313682795 -0.994094253 0.023299655 -0.105989091 88.388168335
-0.108552098 0.017065914 0.993944228 42.774719238 0.026455231 0.999548018 -0.014272867 -2.338114738 -0.993738592 0.024745675 -0.108954512 88.312393188
-0.110507026 0.016083490 0.993745208 43.459777832 0.026247794 0.999567568 -0.013258900 -2.360877752 -0.993528664 0.024618419 -0.110881396 88.241416931
-0.111079417 0.016517229 0.993674219 44.122089386 0.027659129 0.999525905 -0.013522580 -2.381028891 -0.993426502 0.025982082 -0.111483596 88.162124634
-0.109642543 0.017341649 0.993819773 44.771499634 0.028172314 0.999500334 -0.014332677 -2.402424812 -0.993571758 0.026426733 -0.110076308 88.085700989
-0.106949911 0.019350434 0.994076073 45.398193359 0.029374607 0.999435604 -0.016294427 -2.418987513 -0.993830383 0.027457900 -0.107457966 88.025588989
-0.102040276 0.019609235 0.994587004 46.025669098 0.029066119 0.999437571 -0.016722810 -2.443309069 -0.994355559 0.027202385 -0.102552854 87.964157104
-0.094104730 0.020291502 0.995355487 46.621597290 0.028444150 0.999438882 -0.017685527 -2.462701559 -0.995155990 0.026647748 -0.094629101 87.913391113
-0.082830809 0.020198319 0.996358931 47.204265594 0.027640879 0.999456525 -0.017963234 -2.486090422 -0.996180236 0.026052326 -0.083344080 87.872924805
-0.069122717 0.020323975 0.997401118 47.759513855 0.026558436 0.999475598 -0.018525673 -2.510223150 -0.997254550 0.025208866 -0.069626242 87.842926025
-0.052545026 0.021394391 0.998389304 48.289875031 0.025458645 0.999474227 -0.020077756 -2.538341284 -0.998293996 0.024362652 -0.053062070 87.838134766
-0.030906944 0.024378454 0.999225080 48.827262878 0.023552794 0.999442697 -0.023655258 -2.554814816 -0.999244690 0.022803428 -0.031463906 87.830207825
-0.006423810 0.027301092 0.999606729 49.351947784 0.021560034 0.999398649 -0.027156856 -2.577862978 -0.999746919 0.021377098 -0.007008562 87.848281860
0.021701271 0.029084725 0.999341309 49.864654541 0.019964751 0.999364853 -0.029518954 -2.598918200 -0.999565125 0.020592198 0.021106821 87.885238647
0.054941498 0.028166991 0.998092175 50.378890991 0.016698865 0.999436319 -0.029124139 -2.624251604 -0.998349905 0.018267129 0.054440174 87.931632996
0.093921743 0.025195463 0.995260775 50.842800140 0.015526389 0.999521077 -0.026768528 -2.654943705 -0.995458484 0.017966948 0.093485557 87.976287842
0.135747313 0.022077449 0.990497410 51.378589630 0.014321212 0.999603689 -0.024243128 -2.667591572 -0.990639985 0.017476061 0.135377333 88.080276489
0.181420565 0.017934740 0.983242035 51.865425110 0.011382842 0.999728501 -0.020335730 -2.686368704 -0.983339787 0.014881406 0.181167141 88.192459106
0.229673669 0.014528938 0.973159254 52.351608276 0.007208898 0.999835789 -0.016628567 -2.703911066 -0.973241031 0.010834550 0.229531199 88.338020325
0.281430751 0.012971535 0.959493816 52.822692871 0.003453077 0.999888599 -0.014530461 -2.722443581 -0.959575355 0.007402526 0.281354547 88.508407593
0.336180508 0.012688222 0.941712141 53.264682770 0.001943393 0.999897838 -0.014165958 -2.737992764 -0.941795588 0.006592435 0.336121470 88.700019836
0.390757412 0.014766624 0.920375288 53.687568665 0.004215375 0.999832153 -0.017831137 -2.738391876 -0.920484006 0.010847372 0.390629560 88.944885254
0.451548606 0.017240442 0.892079949 54.105617523 0.005259375 0.999744534 -0.021983346 -2.762106895 -0.892230988 0.014618331 0.451342553 89.181022644
0.511555612 0.020758964 0.858999431 54.504783630 0.005986795 0.999597728 -0.027722014 -2.777708530 -0.859229326 0.019324003 0.511225522 89.448638916
0.570741773 0.025515011 0.820733190 54.864204407 0.002740013 0.999452293 -0.032976463 -2.778252363 -0.821125031 0.021069864 0.570359170 89.729293823
0.623922527 0.027988693 0.780984759 55.186069489 -0.001115553 0.999389350 -0.034924600 -2.798106432 -0.781485438 0.020919014 0.623572826 90.073822021
0.677499712 0.028221078 0.734981477 55.515033722 -0.002755082 0.999354005 -0.035832580 -2.822402716 -0.735517979 0.022251625 0.677139699 90.415649414
0.725564539 0.026413603 0.687647045 55.788951874 -0.003117726 0.999379098 -0.035098076 -2.838728189 -0.688147128 0.023322022 0.725196242 90.771690369
0.770100951 0.023978017 0.637471378 56.042804718 -0.006246686 0.999528825 -0.030050209 -2.852144718 -0.637891591 0.019159606 0.769887865 91.162414551
0.812013268 0.020195628 0.583289385 56.299667358 -0.007415462 0.999677420 -0.024289249 -2.854328156 -0.583591819 0.015397832 0.811901093 91.563224792
0.848786592 0.018216206 0.528421700 56.520217896 -0.010151844 0.999783576 -0.018158825 -2.862891912 -0.528638005 0.010048512 0.848787844 91.987098694
0.879848540 0.014511631 0.475032538 56.704402924 -0.010739625 0.999885619 -0.010653436 -2.875440836 -0.475132793 0.004271740 0.879903734 92.418220520
0.905505776 0.015950911 0.424034029 56.866191864 -0.015138478 0.999871433 -0.005284677 -2.886491060 -0.424063802 -0.001633924 0.905630767 92.851310730
0.924999237 0.018031027 0.379540831 56.965213776 -0.018932447 0.999819756 -0.001357644 -2.907098770 -0.379496902 -0.005929817 0.925173938 93.240722656
0.940237045 0.023905218 0.339680344 57.097953796 -0.025881721 0.999664187 0.001288758 -2.912706614 -0.339535475 -0.010003249 0.940540016 93.706909180
0.952053666 0.028288817 0.304620385 57.207351685 -0.029834505 0.999554753 0.000419623 -2.915107250 -0.304472864 -0.009487701 0.952473700 94.167152405
0.961256504 0.030607855 0.273950726 57.312759399 -0.031981125 0.999488294 0.000547074 -2.915378094 -0.273793757 -0.009287130 0.961743534 94.632408142
0.967320204 0.025207475 0.252301961 57.422584534 -0.026265668 0.999654651 0.000826551 -2.921599150 -0.252193958 -0.007426418 0.967648149 95.099143982
0.971358120 0.022263953 0.236574918 57.532138824 -0.023400465 0.999724209 0.001996930 -2.935826540 -0.236465171 -0.007475698 0.971611142 95.577751160
0.974108875 0.027093068 0.224449918 57.615783691 -0.028167764 0.999602020 0.001586942 -2.941866398 -0.224317580 -0.007868106 0.974484265 96.087440491
0.976102769 0.032410853 0.214878678 57.706977844 -0.033672538 0.999430418 0.002212716 -2.939796686 -0.214684561 -0.009395346 0.976638198 96.594200134
0.977339625 0.038668629 0.208115309 57.813629150 -0.039610907 0.999215126 0.000360504 -2.929406643 -0.207938015 -0.008595972 0.978104234 97.079147339
0.977670789 0.044564012 0.205362678 57.906890869 -0.044888098 0.998987198 -0.003082861 -2.935626984 -0.205292091 -0.006204315 0.978681147 97.598304749
0.977783978 0.046378545 0.204420015 58.015106201 -0.046177827 0.998916745 -0.005754655 -2.944345474 -0.204465464 -0.003812862 0.978866398 98.135406494
0.977204680 0.045320515 0.207405329 58.124069214 -0.044303156 0.998972416 -0.009549872 -2.954140902 -0.207624987 0.000143471 0.978208542 98.670989990
0.976524293 0.044083167 0.210848525 58.252803802 -0.041700356 0.999006271 -0.015736220 -2.965275288 -0.211332679 0.006574343 0.977392077 99.222946167
0.975773215 0.043395959 0.214437068 58.388538361 -0.039924897 0.998992622 -0.020493602 -2.967638254 -0.215110376 0.011435732 0.976522803 99.771873474
0.974566519 0.047765814 0.218948305 58.509082794 -0.044345744 0.998805583 -0.020511165 -2.973473787 -0.219666541 0.010280071 0.975520790 100.353057861
0.973093390 0.051151976 0.224660844 58.636306763 -0.048698012 0.998678029 -0.016454279 -2.989661694 -0.225205511 0.005071017 0.974298120 100.947158813
0.972182930 0.047710948 0.229311734 58.783615112 -0.046194531 0.998860598 -0.011979546 -3.000223398 -0.229622036 0.001053362 0.973279297 101.541824341
0.971422255 0.043851558 0.233271867 58.933292389 -0.043652106 0.999028683 -0.006020158 -3.018678904 -0.233309269 -0.004334692 0.972392976 102.166076660
0.970649958 0.041547541 0.236880481 59.087642670 -0.042472713 0.999096930 -0.001198423 -3.030665398 -0.236716345 -0.008897706 0.971537948 102.777519226
0.970076382 0.036823630 0.239991397 59.244976044 -0.037783466 0.999285758 -0.000602042 -3.037986040 -0.239842132 -0.008483678 0.970774770 103.414939880
0.970107853 0.033307999 0.240377635 59.405750275 -0.033354674 0.999436140 -0.003875497 -3.044464111 -0.240371168 -0.004258068 0.970671594 104.058738708
0.970203936 0.032676704 0.240076184 59.565567017 -0.030986954 0.999461412 -0.010810890 -3.054466248 -0.240300149 0.003049537 0.970693707 104.704345703
0.970416725 0.035045821 0.238878742 59.727909088 -0.031802382 0.999342382 -0.017419789 -3.065191746 -0.239332125 0.009307545 0.970893145 105.344520569
0.971057475 0.037919238 0.235816747 59.889591217 -0.033833828 0.999199450 -0.021348344 -3.072956562 -0.236437440 0.012751884 0.971563041 106.020233154
0.971620679 0.036593031 0.233696505 60.050071716 -0.033487588 0.999290347 -0.017243860 -3.081318140 -0.234161675 0.008928562 0.972156644 106.719963074
0.971989989 0.032523125 0.232760668 60.213546753 -0.031169919 0.999469042 -0.009490447 -3.100951672 -0.232945725 0.001969489 0.972487748 107.427185059
0.972623169 0.032652590 0.230082110 60.383941650 -0.032767795 0.999457479 -0.003321243 -3.120054245 -0.230065703 -0.004308963 0.973165572 108.146324158
0.972874105 0.036318343 0.228466168 60.542827606 -0.036321480 0.999331355 -0.004192451 -3.130002499 -0.228465647 -0.004219500 0.973542869 108.874610901
0.973186493 0.041636206 0.226217508 60.698604584 -0.040701069 0.999132574 -0.008798437 -3.139999628 -0.226387620 -0.000644773 0.974037111 109.603202820
0.974008620 0.042774983 0.222435936 60.860233307 -0.040714946 0.999074936 -0.013840878 -3.154283047 -0.222822219 0.004424665 0.974849045 110.335067749
0.974995732 0.041167136 0.218377143 61.029811859 -0.038407095 0.999119818 -0.016870558 -3.166240692 -0.218879431 0.008061491 0.975718558 111.091407776
0.975923777 0.039309759 0.214540303 61.194313049 -0.036904968 0.999203146 -0.015204581 -3.181481123 -0.214967012 0.006920909 0.976596773 111.864318848
0.976783454 0.035417695 0.211281180 61.364307404 -0.033416517 0.999356449 -0.013035738 -3.200678110 -0.211606935 0.005672812 0.977338314 112.642135620
0.977184772 0.034246791 0.209612042 61.529544830 -0.032851145 0.999408722 -0.010137348 -3.217019558 -0.209835321 0.003020066 0.977732062 113.434471130
0.977549374 0.031301584 0.208368555 61.700706482 -0.030297341 0.999508798 -0.008010142 -3.228610516 -0.208516955 0.001517295 0.978017569 114.238998413
0.977783144 0.025923641 0.208009481 61.871520996 -0.025061034 0.999662936 -0.006781657 -3.242052078 -0.208115175 0.001418058 0.978103280 115.023681641
0.977864981 0.026790747 0.207514763 62.035903931 -0.026290782 0.999641001 -0.005167334 -3.255732536 -0.207578689 -0.000402770 0.978218257 115.826286316
0.977628529 0.032692481 0.207782969 62.199016571 -0.031965099 0.999465466 -0.006858238 -3.274548531 -0.207896128 0.000063006 0.978150845 116.646492004
0.977382898 0.037831854 0.208065987 62.367912292 -0.036428388 0.999280274 -0.010574254 -3.279563189 -0.208316237 0.002755587 0.978057623 117.463371277
0.976784289 0.046558347 0.209105209 62.527378082 -0.045034211 0.998912752 -0.012046697 -3.292818546 -0.209438726 0.002350136 0.977818906 118.296630859
0.975848556 0.052477367 0.212051317 62.691444397 -0.051146485 0.998621881 -0.011760501 -3.305953026 -0.212376237 0.000630790 0.977187753 119.124343872
0.975070298 0.055036545 0.214962587 62.867401123 -0.054216340 0.998481929 -0.009714508 -3.331029654 -0.215170890 -0.002182154 0.976573944 119.954414368
0.974483669 0.055643242 0.217452049 63.047481537 -0.054730624 0.998448968 -0.010222128 -3.353429556 -0.217683479 -0.001939991 0.976017475 120.781593323
0.974120021 0.054007187 0.219484240 63.229045868 -0.052367039 0.998539567 -0.013288085 -3.364789724 -0.219881311 0.001450450 0.975525558 121.615646362
0.974134803 0.047830421 0.220847249 63.423683167 -0.046382349 0.998854756 -0.011741058 -3.385363102 -0.221155867 0.001193959 0.975237668 122.461540222
0.974395335 0.041525949 0.220973238 63.621158600 -0.039556175 0.999128401 -0.013333731 -3.410138845 -0.221334293 0.004251469 0.975188732 123.280700684
0.974232137 0.040233843 0.221930116 63.815093994 -0.038266737 0.999181032 -0.013158225 -3.433482885 -0.222277746 0.004326627 0.974973798 124.119735718
0.973656714 0.042922992 0.223942250 64.001342773 -0.041657630 0.999078035 -0.010374071 -3.451394320 -0.224181101 0.000771882 0.974547207 124.966323853
0.973245144 0.044913460 0.225336671 64.184944153 -0.045061786 0.998974085 -0.004487568 -3.468864202 -0.225307032 -0.005786568 0.974270642 125.809829712
0.972847879 0.048763346 0.226250082 64.369377136 -0.049944218 0.998751879 -0.000505434 -3.487220049 -0.225992337 -0.010808174 0.974069178 126.648757935
0.972631454 0.047817126 0.227380008 64.554450989 -0.047503605 0.998847485 -0.006854241 -3.506309748 -0.227445707 -0.004134720 0.973781884 127.457809448
0.972927928 0.043604963 0.226958007 64.748016357 -0.039818760 0.998981297 -0.021236312 -3.527586699 -0.227652773 0.011624211 0.973672926 128.266937256
